2.8,2.08549001672,2.8,4.58549001672,-2.88774282514e-06,2.16365030405,0
2.8,2.10314883615,2.8,4.60314883615,-2.8877455326e-06,1.89593298213,1
2.8,2.11382944431,2.8,4.61382944431,-3.60968530009e-06,1.67669633604,2
2.8,2.14084354738,2.8,4.64084354738,-3.60968800755e-06,1.50000072198,3
2.8,2.13465364138,2.8,4.63465364138,-3.60968936127e-06,1.50000072198,4
2.8,2.1333173971,2.8,4.6333173971,-3.60969071499e-06,1.50000072198,5
2.8,2.11392673428,2.8,4.61392673428,-3.60969071499e-06,1.50000072198,6
2.8,2.09263360688,2.8,4.59263360688,-3.60969071499e-06,1.50000072198,7
2.8,2.11198103047,2.8,4.61198103047,-3.60969071499e-06,1.50000072198,8
2.8,2.15863809753,2.8,4.65863809753,-3.60969071499e-06,1.50000072198,9
2.8,2.2149806829,2.8,4.7149806829,-3.60969071499e-06,1.50000072198,10
2.8,2.14272952023,2.8,4.64272952023,-3.60969071499e-06,1.50000072198,11
2.8,2.16577550639,2.8,4.66577550639,-3.60969071499e-06,1.50000072198,12
2.8,2.21599989318,2.8,4.71599989318,-3.60969071499e-06,1.50000072198,13
2.8,2.16055773321,2.8,4.66055773321,-3.60969071499e-06,1.50000072198,14
2.8,2.14113674546,2.8,4.64113674546,-3.60969071499e-06,1.50000072198,15
2.8,2.13920317188,2.8,4.63920317188,-3.60969071499e-06,1.50000072198,16
2.8,2.12638829951,2.8,4.62638829951,-3.60969071499e-06,1.50000072198,17
2.8,2.07087833522,2.8,4.57087833522,-3.60969071499e-06,1.50000072198,18
2.8,2.00758387227,2.8,4.50758387227,-3.60969071499e-06,1.50000072198,19
2.8,2.08761837485,2.8,4.58761837485,-3.60969071499e-06,1.50000072198,20
2.8,2.07388824038,2.8,4.57388824038,-3.60969071499e-06,1.50000072198,21
2.8,2.3,2.8,4.8,-3.60969071499e-06,1.50000072198,22
2.8,2.3,2.8,4.8,-3.60969071499e-06,1.50000072198,23
2.8,2.3,2.8,4.8,-3.60969071499e-06,1.50000072198,24
2.8,2.3,2.8,4.8,-3.60969071499e-06,1.50000072198,25
2.8,2.3,2.8,4.8,-3.60969071499e-06,1.50000072198,26
2.8,2.3,2.8,4.8,-3.60969071499e-06,1.50000072198,27
2.8,2.3,2.8,4.8,-3.60969071499e-06,1.50000072198,28
2.8,2.3,2.8,4.8,-3.60969071499e-06,1.50000072198,29
2.8,2.3,2.8,4.8,-3.60969071499e-06,1.50000072198,30
2.8,2.3,2.8,4.8,-3.60969071499e-06,1.50000072198,31
2.8,2.3,2.8,4.8,-3.60969071499e-06,1.50000072198,32
2.8,2.3,2.8,4.8,-3.60969071499e-06,1.50000072198,33
2.8,2.3,2.8,4.8,-3.60969071499e-06,1.50000072198,34
2.8,2.3,2.8,4.8,-3.60969071499e-06,1.50000072198,35
2.8,2.3,2.8,4.8,-3.60969071499e-06,1.50000072198,36
2.8,2.3,2.8,4.8,-3.60969071499e-06,1.50000072198,37
2.8,2.3,2.8,4.8,-3.60969071499e-06,1.50000072198,38
2.8,2.3,2.8,4.8,-3.60969071499e-06,1.50000072198,39
2.8,2.3,2.8,4.8,-3.60969071499e-06,1.50000072198,40
2.8,2.3,2.8,4.8,-3.60969071499e-06,1.50000072198,41
2.8,2.3,2.8,4.8,-3.60969071499e-06,1.50000072198,42
2.8,2.3,2.8,4.8,-3.60969071499e-06,1.50000072198,43
2.8,2.3,2.8,4.8,-3.60969071499e-06,1.50000072198,44
2.8,2.3,2.8,4.8,-3.60969071499e-06,1.50000072198,45
2.8,2.3,2.8,4.8,-3.60969071499e-06,1.50000072198,46
2.8,2.3,2.8,4.8,-3.60969071499e-06,1.50000072198,47
2.8,2.3,2.8,4.8,-3.60969071499e-06,1.50000072198,48
2.8,2.3,2.8,4.8,-3.60969071499e-06,1.50000072198,49
2.8,2.3,2.8,4.8,-3.60969071499e-06,1.50000072198,50
2.8,2.3,2.8,4.8,-3.60969071499e-06,1.50000072198,51
2.8,2.3,2.8,4.8,-3.60969071499e-06,1.50000072198,52
2.8,2.3,2.8,4.8,-3.60969071499e-06,1.50000072198,53
2.8,2.3,2.8,4.8,-3.60969071499e-06,1.50000072198,54
2.8,2.3,2.8,4.8,-3.60969071499e-06,1.50000072198,55
2.8,2.3,2.8,4.8,-3.60969071499e-06,1.50000072198,56
2.8,2.3,2.8,4.8,-3.60969071499e-06,1.50000072198,57
2.8,2.3,2.8,4.8,-3.60969071499e-06,1.50000072198,58
2.8,2.3,2.8,4.8,-3.60969071499e-06,1.50000072198,59
2.8,2.3,2.8,4.8,-3.60969071499e-06,1.50000072198,60
2.8,2.3,2.8,4.8,-3.60969071499e-06,1.50000072198,61
2.8,2.3,2.8,4.8,-3.60969071499e-06,1.50000072198,62
2.8,2.3,2.8,4.8,-3.60969071499e-06,1.50000072198,63
2.8,2.3,2.8,4.8,-3.60969071499e-06,1.50000072198,64
2.8,2.3,2.8,4.8,-3.60969071499e-06,1.50000072198,65
2.8,2.22184371111,2.8,4.72184371111,-3.60969071499e-06,1.50000072198,66
2.8,2.2052230056,2.8,4.7052230056,-3.60969071499e-06,1.50000072198,67
2.8,2.19341079084,2.8,4.69341079084,-3.60969071499e-06,1.50000072198,68
2.8,2.3,2.8,4.8,-3.60969071499e-06,1.50000072198,69
2.5,1.5,2.5,4.0,0.0170079816053,2.49996193651,0.123402182543,0
2.5,1.5,2.5,4.0,0.0721269134387,2.50014935749,0.221584886283,1
2.5,1.5,2.5,4.0,0.146757818726,2.49987632522,0.233039535052,2
2.5,1.5,2.5,4.0,0.213422828597,2.49937797089,0.213114221646,3
2.5,1.5,2.5,4.0,0.275336075628,2.16244885256,0.201130156337,4
2.72535837277,2.18189614525,2.72535837277,4.68189614525,0.3345600226,1.89408270028,0.194103354991,5
2.64801675089,2.09298291728,2.64801675089,4.59298291728,0.393924371597,1.67405889276,0.200023194481,6
2.6056902041,2.06711296734,2.6056902041,4.56711296734,0.453821084415,1.49653759864,0.200311967139,7
2.58538455944,2.05545546853,2.58538455944,4.55545546853,0.51379672758,1.49563260976,0.201852087982,8
2.58538455944,2.05545546853,2.58538455944,4.55545546853,0.565863637993,1.49479399058,0.200071323257,9
2.43203849142,2.26867380171,2.43203849142,4.76867380171,0.637531365147,1.49364115714,0.197761141993,10
2.39217026411,2.2480040558,2.39217026411,4.7480040558,0.693567582721,1.49285173884,0.20122641389,11
2.36217225072,2.23059280218,2.36217225072,4.73059280218,0.888197402816,1.48605628722,0.198868103849,12
2.25296051333,2.19491540577,2.25296051333,4.69491540577,1.07754311066,1.46784146209,0.198819975072,13
2.22210566087,2.18371441982,2.22210566087,4.68371441982,1.26905993855,1.43839479678,0.198868103849,14
2.22210566087,2.18371441982,2.22210566087,4.68371441982,1.44583572537,1.39810136643,0.199205005283,15
2.22210566087,2.18371441982,2.22210566087,4.68371441982,1.56909359745,1.57088983768,0.199397520389,16
2.22210566087,2.18371441982,2.22210566087,4.68371441982,1.70456425342,1.77741826554,0.202044603087,17
2.22210566087,2.18371441982,2.22210566087,4.68371441982,1.84898250226,2.03016577829,0.200745126126,18
